2.274662872533691
2.230554733355479
2.3065540128789994
2.265670064841454
2.358564209439342
2.2776679162133013
2.201093907122376
2.26093350880876
2.2763603596035376
2.2581262866332263
2.2781484554100855
2.204308495510899
2.24842593040041
2.2224717816520343
2.2701803767938715
2.2183157917172673
2.278153589036351
2.241598081572215
2.27306107668872
2.2481857026147045
2.228814772372546
2.357134565974446
2.2936999022241373
2.400491561484767
2.377009194009448
2.37346627962049
2.201129975351579
2.3959998074733635
2.3539919913058873
2.2019019682158634
2.2487218233785238
2.3056494515779873
2.334423533783349
2.286035496199614
2.3295048612635743
2.2870958337361422
2.341102028477299
2.308695959405558
2.4225940158363293
2.3372305841645735
2.2872332677853953
2.289919411516652
2.3118660409075718
2.2673225755420736
2.2620229748627674
2.245281640518302
2.2668726189641957
2.312032491024153
2.2696559760525488
2.29550589626951
2.2541647100869158
2.238372645138636
2.265807999175129
2.268221464336482
2.4993711852824436
2.268006189055349
2.2665568239352365
2.3693790190323787
2.312530221453987
2.265049313573484
2.351555760829049
2.294596279621304
2.2462020824902846
2.2702987492841094
2.271183089759922
2.3327497677959497
2.262431128872477
2.3011013961564615
2.3247995851135252
2.281582376631995
2.301546224080335
2.3069388319378845
2.3315373303857725
2.3683545914374715
2.3027841820787116
2.2079342495842096
2.323931582920531
2.272540131857758
2.303988365816629
2.2690842390618933
