2.2863236753896783
2.3090950630245803
2.26422547096022
2.264456784818763
2.24768193744311
2.285652960466054
2.319199605514088
2.297429919634864
2.3537187193315905
2.2892391342393656
2.290774117373683
2.30390456362269
2.2580191798225817
2.259081012309571
2.141106890015526
2.2859555925199166
2.258455689880866
2.2665987230254925
2.27811357417896
2.252186030480556
2.3009341834591623
2.2750463571949364
2.27010244828221
2.2772808362330084
2.2672612470732725
2.2563902778011853
2.263260346823299
2.2798777875156433
2.2813223671286007
2.2562984076262205
2.181169910699697
2.1787979984069947
2.1812986765174562
None
2.1865269733935495
2.4131064010419747
2.360321459174828
2.3782789774413717
2.3400803637420413
2.325634731394107
2.3451076011398078
2.3049628710319876
2.232673678732847
2.260165386025325
2.18973908607414
2.2634388223961315
2.5259698609603096
2.254098048706252
2.326939535751273
2.2802174288848165
2.2905567258188815
2.314995442306991
2.2981745265962608
2.2382412029887444
2.238689481248436
2.287526751592608
2.3184839954987937
2.2411158229706754
2.290003409751816
2.3479135551033794
2.3344019416693174
2.28344678896274
2.298416184378235
2.317799095557569
2.2411256114014053
2.2233210402826824
2.247422846561084
2.220437012101952
2.2146838520528433
2.273927315765715
2.2982939683253694
2.2520445501951625
2.2552342963770915
2.272440433296543
2.2612785315556634
2.322811499652752
2.3036519350397713
2.3143550366541117
2.30333451085135
2.304334963075072
