2.164982792545836
2.1485527581773063
2.1786879046311807
2.0498356437384446
2.144879299253163
2.4091677616670135
2.4339901128034627
2.3490916773750707
2.4481477089264048
2.5193855198804886
2.426042209035441
2.4608381510796464
2.4735375468619445
2.4907605835907516
2.4121395077803887
2.4180043249903522
2.314350581825784
2.4162558645496968
2.4213651159047025
2.4608345399367746
2.5034567775056784
2.4451952846868643
2.396709995139044
2.418351075528881
2.429053240709598
2.455027194542419
2.4129910386369
2.4441813469719564
2.447653711298894
2.3979537502198145
2.417448625122719
2.102156385362212
2.4578832317433386
2.456886127062579
2.496592813573821
2.4444916197115587
2.4857011829897995
2.4681944092770807
2.428643903837283
2.5709986521554953
2.438913115847116
2.4333128696067132
2.443990131971918
2.4536932800287325
2.4719840865347065
2.500913628472454
2.470759333349857
2.4957721101866968
2.4643402213676335
2.479563529136729
2.4247637208899113
2.473769137478885
2.4749848948771285
2.369466421089946
2.456790062726102
1.650917099356889
1.3950488477701217
1.7912090398082452
1.4963683055151193
1.7895625429326816
1.4605525803962092
1.4480705149785411
1.7875801467706927
1.9847669862175137
1.7355410264638418
2.0760632521582743
1.8510515920120976
1.9645783073163405
1.8713177446667524
1.811729224534791
2.0872513002115927
2.0611148069398397
1.9985318877312588
1.92685331109893
2.1650435599648232
1.9975281242921414
2.1337273023572605
2.113731978508791
2.36132688807054
2.0348731115508616
